Group,Excellent ratio,Good ratio,Pass ratio,Fail ratio
0,0.2103299569306064,0.3554679384353607,0.24143048689607688,0.19277161773795584
1,0.18115783007906827,0.26242715092229396,0.38106295462427403,0.17535206437436376
2,0.23494921748433076,0.3071590267249694,0.2867184844987212,0.1711732712919785
3,0.2390953639075628,0.2949012929174291,0.35143207836585183,0.1145712648091563
4,0.17791078875119193,0.38082579128295535,0.25312401836247383,0.18813940160337883
5,0.17883197219313107,0.24993479705020666,0.3987625146674544,0.17247071608920778
6,0.2128020984332956,0.26685108498202076,0.35632630021422534,0.1640205163704583
7,0.17355280607739643,0.2609105894021904,0.4293117871317878,0.1362248173886255
8,0.1232699546999849,0.14176136079555546,0.6317040603063239,0.10326462419813581
9,0.15864158201492248,0.27081301617294373,0.3763098876591225,0.1942355141530114
10,0.10377320072659055,0.2084197135936996,0.4301175891298263,0.2576894965498837
11,0.1494746733319184,0.25106446932933274,0.42132720250435796,0.1781336548343909
12,0.22824557234950632,0.2791468147616119,0.4433231100218144,0.04928450286706692
13,0.16498108584006974,0.25716949729142574,0.37726267339795305,0.20058674347055142
14,0.3318631595013028,0.41804753135764605,0.2101472165697272,0.03994209257132396
15,0.19032868780921602,0.25126073716944397,0.4391765161157718,0.11923405890556829
16,0.23346579429681844,0.3048166471259317,0.422736999204378,0.038980559372871995
17,0.16627132699824812,0.21330167706450387,0.43450819910284644,0.18591879683440157
18,0.1648940463086431,0.21875602566680857,0.5497586782705974,0.06659124975395053
19,0.17178861662380196,0.2596952768325245,0.42115925758501604,0.14735684895865742
20,0.16822789027295582,0.3075309504067229,0.3609848426039587,0.16325631671636245
21,0.17331782189235156,0.24221620876714417,0.4510397517211684,0.13342621761933576
22,0.15767228293256486,0.47644806606639223,0.21786670376921616,0.1480129472318269
23,0.16974029471506313,0.24424440883477463,0.43297796880085065,0.15303732764931174
24,0.12737278874532015,0.49702205541277805,0.13659447546710438,0.23901068037479725
25,0.17130453246252833,0.2640280071655983,0.41719767182202483,0.14746978854984863
26,0.3233553483830734,0.4258935841253877,0.20545278796387403,0.04529827952766461
27,0.17756940357355927,0.2518238931908953,0.38175597825621904,0.18885072497932642
28,0.32009765433619686,0.42109541514112,0.21254317235038533,0.04626375817229782
29,0.18225274738705013,0.2617030808763376,0.44556825188092253,0.11047591985568969
30,0.20225974117933887,0.21840890012684216,0.47111591022764027,0.1082154484661788
31,0.18925639315462062,0.2752259828915895,0.3634981213664389,0.17201950258735083
32,0.08784358537599093,0.10310632945623652,0.756165612958872,0.05288447220890038
33,0.1796271071759206,0.28367252861176057,0.37888218926557715,0.1578181749467417
34,0.08784000068113994,0.10824651080680579,0.7442754585201017,0.05963802999195258
35,0.19169685781009174,0.2761165172831692,0.3864299168228119,0.1457567080839272
36,0.19018217162529452,0.22264046739519663,0.45262368151299304,0.1345536794665158
37,0.17540206181677415,0.2517818554839004,0.44058611904839734,0.13222996365092818
38,0.1661547706692393,0.16488411418179935,0.564650807300463,0.1043103078484986
39,0.1821903313759622,0.2910048212044526,0.34445483293022133,0.1823500144893642
40,0.4113024541519741,0.2485177056925122,0.28824444039033564,0.051935399765178004
41,0.1884887040493034,0.25345813520664134,0.410101315477685,0.1479518452663702
42,0.16716287140561717,0.242144719756131,0.49162410818991276,0.09906830064833903
43,0.18062202382678325,0.24824731637745556,0.4223788899548688,0.14875176984089233
44,0.13772431860841114,0.18271803196391848,0.431782607205134,0.24777504222253607
45,0.16000425784375188,0.24967450550892456,0.46197901789942974,0.1283422187478936
46,0.14632465641449374,0.12556298129357274,0.6807835327003461,0.04732882959158748
47,0.17294422793476943,0.2634931640225033,0.38417246533799765,0.1793901427047299
48,0.16160431467620423,0.34491581051095177,0.34000709753375774,0.15347277727908623
49,0.14273594325646705,0.2713303553356942,0.36923657550621036,0.21669712590162837
50,0.10204889381232193,0.1420811574631888,0.6835981549628749,0.07227179376161459
51,0.19569043229632835,0.282976235169478,0.3583795267763819,0.16295380575781176
52,0.09753726115832827,0.11867697478194288,0.7250876265557303,0.058698137503998576
53,0.1666464944265313,0.28131454537828016,0.3594112444654438,0.19262771572974466
54,0.15068273259843099,0.149753108052041,0.640729193068938,0.05883496628058985
55,0.17886409044808563,0.257823743198196,0.377391089053703,0.1859210773000153
56,0.08821809418591575,0.11049232785158118,0.7418083619626095,0.0594812159998936
57,0.20609478269611242,0.24794030729518052,0.4148300929023086,0.13113481710639852
58,0.08423824391071695,0.10245471969897922,0.7627187055554728,0.05058833083483122
59,0.18906446651461334,0.2782044270568747,0.36582060681349854,0.1669104996150135
60,0.13046981124015533,0.11522142324963187,0.7136643750089998,0.04064439050121323
61,0.18124464742191398,0.26335828929445504,0.42309859510055736,0.13229846818307345
62,0.1352341212376878,0.2607181181442334,0.3482286506657934,0.25581910995228546
63,0.1573471353523616,0.2294565272028002,0.490860698273813,0.122335639171025
64,0.16148023288340624,0.21887064334325845,0.42353509533742945,0.1961140284359055
65,0.1710034217577752,0.26983527364993554,0.35700424308365536,0.2021570615086338
66,0.18533762910602422,0.24236172319852545,0.38238384259281666,0.18991680510263342
67,0.170358550700487,0.2605270472239747,0.39303162691740057,0.17608277515813783
68,0.27792941214621425,0.2836632647216472,0.300516248333435,0.1378910747987036
69,0.2264170453813718,0.2527868041038816,0.361986437535946,0.15880971297880056
70,0.1281096064687631,0.4023713958808155,0.17118477875892701,0.2983342188914945
71,0.20103061133558145,0.27108909491592104,0.3785903656353316,0.14928992811316583
72,0.23547764578831848,0.30334265278911965,0.27724572950650633,0.1839339719160555
73,0.1793091702835023,0.25990744028606183,0.4279650642599616,0.13281832517047423
74,0.1420040912792138,0.2291796582773296,0.44184265150108487,0.1869735989423717
75,0.20119028949791,0.2649572458241753,0.401777620268297,0.1320748444096178
76,0.10185882253959903,0.2925422001876742,0.22466592909187993,0.38093304818084683
77,0.16264982698951755,0.2595373561278607,0.39951676849344203,0.17829604838917973
78,0.1130027338436299,0.24097020220915177,0.48934174680806564,0.15668531713915257
79,0.18830819888716724,0.28646053934964705,0.3849537570527371,0.14027750471044872
80,0.13850509608925335,0.3127888870276033,0.3173107507939472,0.2313952660891962
81,0.14694923527337747,0.2541685075189209,0.452717863364789,0.1461643938429126
82,0.11401917548898675,0.21604051076830735,0.34463936482469343,0.32530094891801214
83,0.19248471487873925,0.2775828488195281,0.3592931237546557,0.170639312547077
84,0.14038835185025017,0.2498061993531942,0.4270151322730083,0.18279031652354732
85,0.2065536034036226,0.27170678114170355,0.39709168363211556,0.12464793182255811
86,0.1974692400923798,0.32303177546772205,0.3386650077573271,0.14083397668257114
87,0.19218118513381113,0.23888752082470174,0.4105206352677238,0.15841065877376329
88,0.19049430220036712,0.3507063532554257,0.28158174534911523,0.17721759919509178
89,0.2034233838230903,0.2677335319779743,0.4040645486165676,0.12477853558236777
90,0.2543985472677586,0.4497325863564743,0.16956276087959057,0.12630610549617657
91,0.16597372663669052,0.2583915721003019,0.4208826318412908,0.15475206942171674
92,0.190796632921669,0.2709090844881411,0.2475500014895058,0.2907442811006841
93,0.2040978781905521,0.287136161258367,0.36723109481993843,0.1415348657311423
94,0.22682895635434086,0.22186892087176396,0.3878643125555606,0.16343781021833476
95,0.18116692927668024,0.27149319935131977,0.3746347827335512,0.17270508863844877
96,0.17770345414044605,0.3072902008171661,0.2582757669223181,0.25673057812006966
97,0.16485559048134868,0.23294675460848902,0.44961063828617753,0.1525870166239849
98,0.20458372905651387,0.1744222798564529,0.524231966057479,0.09676202502955411
99,0.17849434255561994,0.2699332753016657,0.41024864912714326,0.14132373301557105
100,0.14120896682492662,0.188848210019366,0.4966342005842914,0.17330862257141608
101,0.19244700702924344,0.2719168003740648,0.3969655588075367,0.13867063378915506
102,0.18610147560819665,0.30333738763587087,0.320375241489642,0.1901858952662903
103,0.15855706190595453,0.2629029523119132,0.39677652828417065,0.1817634574979617
104,0.16712231924812523,0.35227302039721714,0.27248218220753306,0.20812247814712465
105,0.1917383860475417,0.26270291250863775,0.40412360998278524,0.14143509146103553
106,0.10328659931686535,0.1492979477652857,0.6708547844336661,0.07656066848418291
107,0.19660248588100193,0.29546550934134036,0.364449536251778,0.14348246852587962
108,0.23443344723946857,0.30779176275196807,0.32225794216816306,0.1355168478404002
109,0.19522133461323538,0.2897844986098889,0.3778360121033165,0.13715815467355896
110,0.15764971169363823,0.27388701508674956,0.3383223214252534,0.23014095179435867
111,0.18028748657703697,0.2613852526419681,0.4211142991624262,0.13721296161856875
112,0.19476404098255093,0.33204762690431344,0.3356644645563654,0.13752386755677043
113,0.1881984639136973,0.24567891708401424,0.4170964919452398,0.14902612705704876
114,0.21873382466835903,0.3449732949582258,0.21955796236221384,0.21673491801120096
115,0.1765767764771953,0.25051393652068854,0.40985130146508647,0.16305798553702952
116,0.09788538823914576,0.12776320372828065,0.6977453259184303,0.07660608211414323
117,0.18746342611506275,0.2827989306088267,0.3506081782770601,0.1791294649990505
118,0.08910820255241178,0.10373972953647287,0.7551838876282434,0.051968180282871694
119,0.18332194479668473,0.27298814801828464,0.3729708826386795,0.1707190245463512
